3316
9956
4451
9110
1887
2248
1765
1062
6568
1735
8686
8128
1589
2443
6344
2674
4032
6858
163
955
2661
5982
3424
9322
9294
5708
1409
527
8393
8629
9370
3054
9652
3338
8407
1846
7517
9716
3801
2259
1340
8198
3302
8285
8104
535
5028
1474
3721
2500
9506
2665
250
6187
2800
6368
5626
8427
4833
6681
6009
6484
2809
559
4498
1895
5851
7611
5917
8315
435
3058
628
7701
5936
4350
8359
8577
7348
623
9753
7817
8296
4851
2015
9460
9010
2580
5920
4726
457
3068
9479
3812
780
6723
3739
9257
108
7307
8893
8380
8366
1219
4195
9075
6552
5312
26
335
4973
6455
8061
810
1786
1721
8268
4998
2950
6084
1663
9510
2733
5633
7178
5441
7467
5624
8637
9108
7909
8339
8202
5245
7550
2676
7243
8252
2242
3500
8593
4474
6274
3892
411
5972
3579
6062
3784
9966
5064
9380
5376
8209
7233
5231
6765
874
6632
3684
8047
3364
2723
4269
937
3925
3385
3523
6509
1245
112
1382
4170
2476
8294
2426
7249
6762
4387
8372
2785
7688
950
9634
7870
1652
2642
3656
1743
4237
1728
4319
654
4525
5802
3066
4840
1534
1469
63
4157
4967
2627
7660
4001
2122
6338
7885
8316
6302
4388
3723
6256
7000
4528
887
5374
6419
7786
6212
3940
4168
1839
1685
7901
1831
1900
818
58
2284
8530
5321
5103
9774
356
726
8218
5450
2862
621
1335
6596
7255
7771
7399
9651
8932
2790
3730
7105
1529
5413
2188
8846
1740
1638
6799
6818
1220
6088
8675
725
7358
9899
4259
5408
6623
9748
8440
1121
6224
4038
9921
3930
6476
3599
4315
6311
9946
6086
8978
3682
4263
9138
4886
6461
3934
9900
1777
2782
666
2757
8654
4755
6717
827
415
4265
7478
1942
8003
6005
3521
8107
6273
8385
1558
7808
9193
1585
1747
4390
1165
1888
1925
4562
1575
4352
1048
2365
5065
7570
9396
2069
5324
5325
3005
3530
4876
8595
4370
6958
4875
262
1590
5252
3339
1536
2363
3160
2425
8298
6143
5676
9397
9034
3772
4147
5215
1937
2059
9662
9951
3372
9188
8899
6050
3226
1056
9447
7512
400
4719
5508
5537
9292
260
833
8529
5551
6640
3188
339
328
4766
155
8493
6724
7897
8491
5140
6842
6408
1943
7486
4473
3998
8332
8229
2079
8029
9120
6034
5290
7264
4372
640
7536
5575
873
1615
8677
1808
7706
5333
9994
3543
5745
6180
7129
6264
1029
1045
1741
4646
2833
2913
7168
8153
6741
1906
2953
5230
4090
3099
3746
7752
7572
3864
3277
7488
3646
6880
5713
5641
7018
6109
2071
8608
4118
5981
2062
7863
8558
2162
3004
3048
2544
6589
2335
7855
3647
1109
5967
719
7160
3832
6819
3115
3591
5465
6035
1773
3117
4623
249
3360
5274
6384
8162
7679
7072
7620
6093
9565
9333
292
8259
2761
4860
9416
97
3418
8424
783
5339
5889
593
954
6110
3067
5685
2217
6183
7595
7354
1168
7519
178
6453
